0.003846252
0.003846252
0.003846252
0.003846252
0.003846252
0.003846252
0.003846252
0.003846252
0.003846252
0.003846252
0.022205698
0.003871894
0.010743865
0.003615477
0.006564271
0.022205698
0.002564168
0.002000051
0.005410395
0.022205698
0.00335906
0.008897664
0.013974717
0.008436114
0.016282469
0.023795482
0.008897664
0.014179851
0.013974717
0.01615426
0.007436088
0.001025667
0.002359035
0.002000051
0.003256494
0.002000051
0.002000051
0.005410395
0.005410395
0.000102567
0.000435909
0.002641093
0.005692454
0.044411395
0.007743788
0.017949178
0.007230955
0.013128542
0.044411395
0.005128337
0.004000103
0.01082079
0.044411395
0.006718121
0.017795328
0.027949435
0.016872227
0.032564938
0.047590964
0.017795328
0.028359702
0.03077002
0.032308521
0.014872176
0.002051335
0.00471807
0.004000103
0.006512988
0.004000103
0.004000103
0.012820842
0.01082079
0.01082079
0.000871817
0.005282187
0.011384907
0.01538501
0.023077515
0.011538757
0.007692505
0.011538757
0.007692505
0.007692505
0.011538757
0.003846252
0.003846252
0.038462525
